1,0.0,89.645,378.0,340.0,38.0,18.0,2.11,9.005500000000001,5.0,14.005499999999998
2,4.0,73.49,332.0,244.0,84.0,18.0,4.67,15.06,5.556,20.616
3,3.0,79.23,443.0,351.0,89.0,16.0,5.56,18.962,0.0,18.962
4,4.0,85.52,373.0,319.0,50.0,28.0,1.79,8.847000000000001,14.286,23.133000000000003
5,0.0,85.71,406.0,348.0,58.0,21.0,2.76,11.575999999999999,9.524,21.1
6,0.0,84.3,395.0,333.0,62.0,20.0,3.1,10.633,4.762,15.395
7,0.0,75.33,454.0,342.0,112.0,31.0,3.61,17.401,28.125,45.526
8,3.0,80.77,416.0,336.0,77.0,27.0,2.85,17.308,25.926,43.233999999999995
9,3.0,91.75,630.0,578.0,49.0,4.0,12.25,8.095,0.0,8.095
10,4.0,75.08,329.0,247.0,78.0,13.0,6.0,20.669,7.692,28.361
12,0.0,94.23,364.0,343.0,21.0,12.0,1.75,9.066,15.385,24.451
14,0.0,90.78,412.0,374.0,38.0,19.0,2.0,11.408,0.0,11.408
15,1.0,89.39,264.0,236.0,27.0,15.0,1.8,18.561,0.0,18.561
16,4.0,74.34,456.0,339.0,113.0,39.0,2.9,16.227999999999998,15.385,31.613000000000003
17,0.0,86.93,352.0,306.0,46.0,20.0,2.3,9.375,19.048,28.423000000000002
19,1.0,74.07,459.0,340.0,118.0,44.0,2.68,18.954,22.221999999999998,41.176
20,0.0,88.07,436.0,384.0,52.0,12.0,4.33,11.009,0.0,11.009
21,0.0,91.92,297.0,273.0,24.0,18.0,1.33,6.734,0.0,6.734
22,3.0,84.92,358.0,304.0,51.0,21.0,2.43,14.804,13.636,28.44
