1,1,5.0
1,2,257.0
1,3,65.0
1,4,10.0
1,5,10.0
1,6,130.0
1,7,60.0
1,8,45.0
1,9,13.0
1,10,50.0
2,0,168.0
2,1,12.0
2,2,44.0
2,3,101.0
2,4,17.0
2,6,52.0
2,7,160.0
2,8,30.0
2,9,2.0
2,12,20.0
3,0,360.0
3,1,45.0
3,2,162.0
3,3,361.0
3,4,20.0
3,5,55.0
3,6,55.0
3,7,25.0
3,8,40.0
3,9,20.0
4,0,394.0
4,1,1.0
4,2,175.0
4,6,110.0
4,7,235.0
4,8,120.0
4,9,10.0
4,12,10.0
5,0,450.0
5,2,300.0
5,3,50.0
5,6,120.0
5,7,135.0
5,9,20.0
6,0,420.0
6,2,213.0
6,3,96.0
6,5,15.0
6,6,95.0
6,7,167.0
6,8,174.0
6,9,2.0
7,0,565.0
7,2,155.0
7,3,365.0
7,6,180.0
7,8,120.0
7,12,10.0
8,0,470.0
8,2,2910.0
8,3,370.0
8,5,75.0
8,6,80.0
8,8,55.0
8,9,40.0
8,12,10.0
9,0,600.0
9,1,10.0
9,2,10.0
9,3,1340.0
9,5,60.0
9,6,120.0
9,7,360.0
9,8,90.0
9,12,20.0
10,0,290.0
10,2,120.0
10,3,300.0
10,4,40.0
10,6,90.0
10,7,275.0
10,9,15.0
10,10,20.0
10,11,23.0
12,0,420.0
12,1,65.0
12,2,295.0
12,3,80.0
12,5,40.0
12,6,95.0
12,7,190.0
12,8,70.0
12,9,35.0
12,12,15.0
14,0,420.0
14,1,46.0
14,2,105.0
14,3,92.0
14,6,58.0
14,7,589.0
14,8,118.0
14,12,5.0
15,0,540.0
15,3,360.0
15,5,120.0
15,6,70.0
15,9,30.0
15,12,20.0
16,0,445.0
16,1,40.0
16,2,160.0
16,3,350.0
16,6,95.0
16,8,120.0
16,9,30.0
16,12,20.0
17,0,346.0
17,1,49.0
17,2,16.0
17,3,412.0
17,5,70.0
17,6,105.0
17,8,95.0
17,9,51.0
17,12,13.0
19,0,575.0
19,1,45.0
19,2,110.0
19,3,265.0
19,6,95.0
19,7,130.0
19,8,65.0
19,12,10.0
20,0,415.0
20,3,30.0
20,5,15.0
20,6,82.0
20,7,210.0
20,8,120.0
20,9,48.0
20,11,45.0
20,12,10.0
21,0,355.0
21,2,1359.0
21,3,75.0
21,6,80.0
21,9,40.0
22,0,358.0
22,2,20.0
22,3,490.0
22,6,80.0
22,7,120.0
22,11,10.0
